   3, 148,   5,   0,   0,   0,   0,   0,   0,   0,   0,   0,   0,   0,   0,   0
  12, 148, 138,   0,  12, 148, 138,   0,  12, 148, 138,   0,  12, 148, 138,   0
  12, 148, 138,   0,  12, 148, 138,   0,  12, 148, 138,   0,  12, 148, 138,   0
  12, 148, 138,   0,  12, 148, 138,   0,  12, 148, 138,   0,  12, 148, 138,   0
  12, 148, 111,   4,  12, 148, 138,   0,  12, 148, 138,   0,  12, 148, 138,   0
  12, 148, 138,   0,  12, 148, 138,   0,  12, 148, 138,   0,  12, 148, 138,   0
  12, 148, 185,   4,  12, 148, 138,   0,   0,   0,   0,   0,  35,   0,  38,   0
  41,   0,   0,   0,   0,   8,   0,   2,   1,   0,   0,   3,   4,   7,   0,   0
   0,   0,   0,   0,   0,   0,   0,   0,   0,   0,  37,   0,  40,   0,  43,   0
   0,   0,   0,   0,  36,   0,  39,   0,  42,   0,   4,   4,   4,   4,   4,   4
   4,   4,   2,   2,   2,   2,   2,   2,   3,   3,   3,   3,   3,   3,   1,   2
   4,   8,  16,  32,  64, 128,   1,   2,   4,   8,  16,  32,   1,   2,   4,   8
  16,  32, 216,   5,  17,  36,  31, 190, 207, 239, 216, 224, 222, 191, 205, 191
  17, 224, 160, 224, 177, 224, 230, 237, 254, 224,   2, 192,   5, 144,  13, 146
 172,  51, 177,   7, 217, 247,  34, 224, 172, 227, 177, 224,   1, 192,  29, 146
 168,  50, 178,   7, 225, 247,  16, 224, 194, 230, 208, 224,   4, 192,  33, 151
 254,   1,  14, 148,  99,   7, 193,  54, 209,   7, 201, 247,  14, 148, 248,   5
  12, 148, 105,   7,  12, 148,   0,   0, 207, 147, 223, 147, 144, 224, 252,   1
 226,  85, 255,  79,  36, 145, 134,  86, 159,  79, 252,   1, 132, 145, 136,  35
 193, 240, 144, 224, 136,  15, 153,  31, 252,   1, 224,  87, 255,  79, 197, 145
 212, 145, 252,   1, 234,  87, 255,  79, 165, 145, 180, 145, 159, 183, 248, 148
  56, 129, 130,  47, 128, 149, 131,  35, 136, 131, 236, 145, 226,  43, 236, 147
 159, 191, 223, 145, 207, 145,   8, 149, 131,  48, 129, 240,  40, 244, 129,  48
 153, 240, 130,  48, 169, 240,   8, 149, 135,  48, 169, 240, 136,  48, 201, 240
 132,  48, 177, 244, 128, 145, 128,   0, 143, 125,   3, 192, 128, 145, 128,   0
 143, 119, 128, 147, 128,   0,   8, 149, 132, 181, 143, 119, 132, 189,   8, 149
 132, 181, 143, 125, 251, 207, 128, 145, 176,   0, 143, 119, 128, 147, 176,   0
   8, 149, 128, 145, 176,   0, 143, 125, 249, 207, 207, 147, 223, 147,  40,  47
  48, 224, 249,   1, 238,  88, 255,  79, 132, 145, 249,   1, 226,  85, 255,  79
 212, 145, 249,   1, 230,  86, 255,  79, 196, 145, 204,  35, 161, 240, 129,  17
  14, 148, 180,   0, 236,  47, 240, 224, 238,  15, 255,  31, 232,  89, 255,  79
 165, 145, 180, 145, 236, 145, 237,  35, 129, 224, 144, 224,   9, 244, 128, 224
 223, 145, 207, 145,   8, 149, 128, 224, 144, 224, 250, 207,  31, 147, 207, 147
 223, 147,  40,  47,  48, 224, 249,   1, 238,  88, 255,  79, 132, 145, 249,   1
 226,  85, 255,  79, 212, 145, 249,   1, 230,  86, 255,  79, 196, 145, 204,  35
 169, 240,  22,  47, 129,  17,  14, 148, 180,   0, 236,  47, 240, 224, 238,  15
 255,  31, 234,  87, 255,  79, 165, 145, 180, 145, 143, 183, 248, 148, 236, 145
  17,  17,   8, 192, 208, 149, 222,  35, 220, 147, 143, 191, 223, 145, 207, 145
  31, 145,   8, 149, 222,  43, 248, 207,  63, 183, 248, 148, 128, 145,  12,   2
 144, 145,  13,   2, 160, 145,  14,   2, 176, 145,  15,   2,  38, 181, 168, 155
   5, 192,  47,  63,  25, 240,   1, 150, 161,  29, 177,  29,  63, 191, 186,  47
 169,  47, 152,  47, 136,  39, 188,   1, 205,   1,  98,  15, 113,  29, 129,  29
 145,  29,  66, 224, 102,  15, 119,  31, 136,  31, 153,  31,  74, 149, 209, 247
   8, 149, 143, 146, 159, 146, 175, 146, 191, 146, 207, 146, 223, 146, 239, 146
 255, 146,  75,   1,  92,   1,  14, 148,  52,   1, 107,   1, 124,   1,  14, 148
  52,   1, 108,  25, 125,   9, 142,   9, 159,   9, 104,  62, 115,  64, 129,   5
 145,   5, 168, 243,  33, 224, 130,  26, 145,   8, 161,   8, 177,   8, 136, 238
 200,  14, 131, 224, 216,  30, 225,  28, 241,  28, 129,  20, 145,   4, 161,   4
 177,   4,  41, 247, 255, 144, 239, 144, 223, 144, 207, 144, 191, 144, 175, 144
 159, 144, 143, 144,   8, 149,   8, 149,   8, 149, 175, 146, 191, 146, 207, 146
 223, 146, 239, 146, 255, 146,  15, 147,  31, 147, 207, 147, 223, 147, 108,   1
 123,   1, 139,   1,   4,  15,  21,  31, 235,   1,  94,   1, 174,  24, 191,   8
 192,  23, 209,   7,  89, 240, 105, 145, 214,   1, 237, 145, 252, 145,   1, 144
 240, 129, 224,  45, 198,   1,   9, 149, 137,  43, 121, 247, 197,   1, 223, 145
 207, 145,  31, 145,  15, 145, 255, 144, 239, 144, 223, 144, 207, 144, 191, 144
 175, 144,   8, 149,   8, 149,  32, 145, 125,   1,  38,  15,  51,  39,  51,  31
  33,  50,  49,   5, 236, 244,  32, 145, 198,   1, 252,   1, 144, 224, 128, 224
  36,  48, 105, 240, 130, 224,   8, 149, 160, 145, 125,   1,  33, 145, 172,   1
  67,  90,  94,  79, 164,  15, 181,  47, 177,  29,  44, 147,   1, 150, 134,  23
 152, 243, 128, 145, 125,   1, 104,  15,  96, 147, 125,   1, 128, 224,   8, 149
 129, 224,   8, 149,  16, 146, 198,   1, 129, 224, 128, 147, 197,   1,  16, 146
 160,   1,  97, 224, 130, 225,  14, 148,   6,   1,  97, 224, 131, 225,  14, 148
   6,   1, 233, 235, 240, 224, 128, 129, 142, 127, 128, 131, 128, 129, 141, 127
 128, 131, 136, 228, 128, 147, 184,   0, 133, 228, 128, 147, 188,   0,   8, 149
